[gd_scene load_steps=75 format=2]

[ext_resource path="res://cutscenes/intro/imgs/godot_eye.png" type="Texture" id=1]
[ext_resource path="res://cutscenes/intro/imgs/godot.png" type="Texture" id=2]
[ext_resource path="res://cutscenes/intro/imgs/cube.png" type="Texture" id=3]
[ext_resource path="res://cutscenes/intro/imgs/godot_mouth.png" type="Texture" id=4]
[ext_resource path="res://crash_model/crash/CrashBZwalkRight.tres" type="Animation" id=5]
[ext_resource path="res://crash_model/crash/CrashBZidle.tres" type="Animation" id=6]
[ext_resource path="res://crash_model/crash/GarentedSpin.tres" type="ArrayMesh" id=7]
[ext_resource path="res://crash_model/crash/BellyFlop2.tres" type="Animation" id=8]
[ext_resource path="res://crash_model/crash/BellyFlop1.tres" type="Animation" id=9]
[ext_resource path="res://crash_model/crash/CrashElectr.tres" type="Animation" id=10]
[ext_resource path="res://scripts/RandomStep.gd" type="Script" id=11]
[ext_resource path="res://crash_model/crash/BazookaOff.tres" type="Animation" id=12]
[ext_resource path="res://crash_model/crash/BazookaOn.tres" type="Animation" id=13]
[ext_resource path="res://crash_model/crash/CrashSpin.tres" type="ArrayMesh" id=14]
[ext_resource path="res://crash_model/crash/Cylinder.tres" type="ArrayMesh" id=15]
[ext_resource path="res://crash_model/crash/DrawCall_43001.tres" type="ArrayMesh" id=16]
[ext_resource path="res://crash_model/crash/DrawCall_42001.tres" type="ArrayMesh" id=17]
[ext_resource path="res://crash_model/crash/Bazooka.tres" type="ArrayMesh" id=18]
[ext_resource path="res://crash_model/crash/CrashRightEye.tres" type="ArrayMesh" id=19]
[ext_resource path="res://crash_model/crash/CrashLeftEye.tres" type="ArrayMesh" id=20]
[ext_resource path="res://crash_model/crash/CrashRightShoe.tres" type="ArrayMesh" id=21]
[ext_resource path="res://crash_model/crash/CrashMesh001.tres" type="ArrayMesh" id=22]
[ext_resource path="res://crash_model/crash/CrashLeftShoe.tres" type="ArrayMesh" id=23]
[ext_resource path="res://crash_model/crash/Cylinder001.tres" type="ArrayMesh" id=24]
[ext_resource path="res://crash_model/crash/BazShoot.tres" type="Animation" id=25]
[ext_resource path="res://crash_model/crash/CrashBZoff.tres" type="Animation" id=26]
[ext_resource path="res://Sounds/crash/foot/iron/iron_foot2.wav" type="AudioStream" id=27]
[ext_resource path="res://crash_model/crash/CrashBZon.tres" type="Animation" id=28]
[ext_resource path="res://crash_model/crash/CrashBZwalkLeft.tres" type="Animation" id=29]
[ext_resource path="res://crash_model/crash/CrashBZshoot.tres" type="Animation" id=30]
[ext_resource path="res://crash_model/crash/CrashClimb.tres" type="Animation" id=31]
[ext_resource path="res://crash_model/crash/CrashClimbCrouch.tres" type="Animation" id=32]
[ext_resource path="res://crash_model/crash/CrashClimbIdle.tres" type="Animation" id=33]
[ext_resource path="res://crash_model/crash/CrashIdle4.tres" type="Animation" id=34]
[ext_resource path="res://crash_model/crash/CrashIdle3.tres" type="Animation" id=35]
[ext_resource path="res://crash_model/crash/CrashIdle5.tres" type="Animation" id=36]
[ext_resource path="res://crash_model/crash/CrashSkateIdle.tres" type="Animation" id=37]
[ext_resource path="res://crash_model/crash/CrashIdle6.tres" type="Animation" id=38]
[ext_resource path="res://crash_model/crash/CrashSkateSlide.tres" type="Animation" id=39]
[ext_resource path="res://crash_model/crash/CrashSkate.tres" type="Animation" id=40]
[ext_resource path="res://crash_model/crash/CrashIdle7.tres" type="Animation" id=41]
[ext_resource path="res://Sounds/crash/foot/iron/iron_foot3.wav" type="AudioStream" id=42]
[ext_resource path="res://crash_model/crash/CrashSpin1.tres" type="Animation" id=43]
[ext_resource path="res://crash_model/crash/CrashSpin2.tres" type="Animation" id=44]
[ext_resource path="res://crash_model/crash/CrashSpin3.tres" type="Animation" id=45]
[ext_resource path="res://crash_model/crash/CrashSpin4.tres" type="Animation" id=46]
[ext_resource path="res://crash_model/crash/CrashTadaa.tres" type="Animation" id=47]
[ext_resource path="res://crash_model/crash/DoubleJump.tres" type="Animation" id=48]
[ext_resource path="res://crash_model/crash/CrouchDown.tres" type="Animation" id=49]
[ext_resource path="res://crash_model/crash/CrashVictoryDance.tres" type="Animation" id=50]
[ext_resource path="res://crash_model/crash/CrashWatSplash.tres" type="Animation" id=51]
[ext_resource path="res://crash_model/crash/Crowl.tres" type="Animation" id=52]
[ext_resource path="res://crash_model/crash/Fall.tres" type="Animation" id=53]
[ext_resource path="res://crash_model/crash/FrontFlip.tres" type="Animation" id=54]
[ext_resource path="res://crash_model/crash/Idle1.tres" type="Animation" id=55]
[ext_resource path="res://crash_model/crash/Jump.tres" type="Animation" id=56]
[ext_resource path="res://crash_model/crash/Land.tres" type="Animation" id=57]
[ext_resource path="res://crash_model/crash/Idle2.tres" type="Animation" id=58]
[ext_resource path="res://crash_model/crash/Run.tres" type="Animation" id=59]
[ext_resource path="res://Sounds/walk/step_2.ogg" type="AudioStream" id=60]
[ext_resource path="res://crash_model/crash/LazerOn.tres" type="Animation" id=61]
[ext_resource path="res://crash_model/crash/LazerOff.tres" type="Animation" id=62]
[ext_resource path="res://crash_model/crash/TeleportIn.tres" type="Animation" id=63]
[ext_resource path="res://crash_model/crash/ShootShape.tres" type="Animation" id=64]
[ext_resource path="res://crash_model/crash/Slide.tres" type="Animation" id=65]
[ext_resource path="res://crash_model/crash/TeleportOut.tres" type="Animation" id=66]
[ext_resource path="res://crash_model/crash/Walk.tres" type="Animation" id=67]
[ext_resource path="res://crash_model/crash/YoYoAction001.tres" type="Animation" id=68]
[ext_resource path="res://Sounds/crash/foot/iron/iron_foot1.wav" type="AudioStream" id=69]

[sub_resource type="Environment" id=1]
background_mode = 1
background_color = Color( 0.2, 0.2, 0.2, 1 )
background_energy = 16.0
ambient_light_color = Color( 0.992157, 0.984314, 0.992157, 1 )
ambient_light_energy = 1.98
ambient_light_sky_contribution = 0.0

[sub_resource type="Skin" id=4]
resource_name = "Skin"
bind_count = 12
bind/0/name = "bone"
bind/0/bone = -1
bind/0/pose = Transform( 1, -1.9757e-05, -9.8951e-08, -5.50562e-10, -0.0050362, 0.999987, -1.98672e-05, -1.00555, -0.0050362, 0, 0, 0 )
bind/1/name = "bone_1"
bind/1/bone = -1
bind/1/pose = Transform( 0, 1, -1.94707e-07, -1, 0, 0, 0, 1.94707e-07, 1, -5.17246e-08, 0.00853612, 0.265653 )
bind/2/name = "bone_2"
bind/2/bone = -1
bind/2/pose = Transform( 0, 1, -1.94707e-07, -1, 0, 0, 0, 1.94707e-07, 1, -7.83511e-08, 0.00853612, 0.402405 )
bind/3/name = "bone_3"
bind/3/bone = -1
bind/3/pose = Transform( 0, 1, -1.94707e-07, -1, 0, 0, 0, 1.94707e-07, 1, -1.05195e-07, 0.00853612, 0.540273 )
bind/4/name = "bone_4"
bind/4/bone = -1
bind/4/pose = Transform( 0, 1, -1.94707e-07, -1, 0, 0, 0, 1.94707e-07, 1, -1.31822e-07, 0.00853612, 0.677025 )
bind/5/name = "bone_5"
bind/5/bone = -1
bind/5/pose = Transform( 0, 1, -1.94707e-07, -1, 0, 0, 0, 1.94707e-07, 1, -1.58595e-07, 0.00853612, 0.814533 )
bind/6/name = "bone_6"
bind/6/bone = -1
bind/6/pose = Transform( 0, 1, -1.94707e-07, -1, 0, 0, 0, 1.94707e-07, 1, -1.85352e-07, 0.00853612, 0.951955 )
bind/7/name = "bone_7"
bind/7/bone = -1
bind/7/pose = Transform( 0, 1, -1.94707e-07, -1, 0, 0, 0, 1.94707e-07, 1, -2.12196e-07, 0.00853612, 1.08982 )
bind/8/name = "bone_8"
bind/8/bone = -1
bind/8/pose = Transform( 0, 1, -1.94707e-07, -1, 0, 0, 0, 1.94707e-07, 1, -2.38823e-07, 0.00853612, 1.22657 )
bind/9/name = "bone_9"
bind/9/bone = -1
bind/9/pose = Transform( 0, 1, -1.94707e-07, -1, 0, 0, 0, 1.94707e-07, 1, -2.65364e-07, 0.00853612, 1.36289 )
bind/10/name = "bone_10"
bind/10/bone = -1
bind/10/pose = Transform( 0, 1, -1.94707e-07, -1, 0, 0, 0, 1.94707e-07, 1, -2.92208e-07, 0.00853612, 1.50076 )
bind/11/name = "bone_11"
bind/11/bone = -1
bind/11/pose = Transform( 0, 1, -1.94707e-07, -1, 0, 0, 0, 1.94707e-07, 1, -3.18835e-07, 0.00853612, 1.63751 )

[sub_resource type="Skin" id=2]
resource_name = "Skin 2"
bind_count = 16
bind/0/name = "bone"
bind/0/bone = -1
bind/0/pose = Transform( 1, -1.31302e-06, -2.8262e-07, 0, -0.210425, 0.97761, -1.34309e-06, -0.97761, -0.210425, 0.0375464, -0.149078, 0.612627 )
bind/1/name = "bone_1"
bind/1/bone = -1
bind/1/pose = Transform( -3.65078e-07, -0.210427, 0.977609, -0.983187, 0.178509, 0.0384231, -0.182598, -0.961174, -0.20689, -0.170743, -0.0306741, 0.63722 )
bind/2/name = "bone_2"
bind/2/bone = -1
bind/2/pose = Transform( -4.69387e-07, -0.210424, 0.97761, 0.970565, 0.235446, 0.0506785, -0.240839, 0.948834, 0.20423, -0.170746, -0.00445684, -0.641572 )
bind/3/name = "bone_3"
bind/3/bone = -1
bind/3/pose = Transform( 1, -1.60509e-06, 2.96774e-08, -5.59552e-13, 0.0184861, 0.999829, -1.60536e-06, -0.999828, 0.0184865, 0.0375464, -0.268163, 0.452688 )
bind/4/name = "bone_4"
bind/4/bone = -1
bind/4/pose = Transform( 1, -1.60509e-06, 2.96774e-08, -5.59552e-13, 0.0184861, 0.999829, -1.60536e-06, -0.999828, 0.0184865, -0.0858787, -0.270086, 0.460881 )
bind/5/name = "bone_5"
bind/5/bone = -1
bind/5/pose = Transform( 1, -1.60509e-06, 2.96774e-08, -5.59552e-13, 0.0184861, 0.999829, -1.60536e-06, -0.999828, 0.0184865, 0.160971, -0.268377, 0.453598 )
bind/6/name = "bone_6"
bind/6/bone = -1
bind/6/pose = Transform( 1, -2.01226e-06, -4.33128e-07, 0, -0.210425, 0.97761, -2.05834e-06, -0.97761, -0.210425, 0.0388455, -0.128261, 0.575615 )
bind/7/name = "bone_7"
bind/7/bone = -1
bind/7/pose = Transform( 1, -2.47842e-06, -5.33467e-07, -5.68434e-14, -0.210425, 0.97761, -2.53518e-06, -0.97761, -0.210425, -0.0747874, -0.123391, 0.57107 )
bind/8/name = "bone_8"
bind/8/bone = -1
bind/8/pose = Transform( 1, -2.94458e-06, -6.33806e-07, 0, -0.210425, 0.97761, -3.01202e-06, -0.97761, -0.210425, 0.146635, -0.123391, 0.567823 )
bind/9/name = "bone_9"
bind/9/bone = -1
bind/9/pose = Transform( 1, -2.7115e-06, -5.83636e-07, 0, -0.210425, 0.97761, -2.7736e-06, -0.97761, -0.210425, -0.0747873, -0.123391, 0.563278 )
bind/10/name = "bone_10"
bind/10/bone = -1
bind/10/pose = Transform( 1, -3.17766e-06, -6.83975e-07, 0, -0.210425, 0.97761, -3.25044e-06, -0.97761, -0.210425, 0.146635, -0.123391, 0.560031 )
bind/11/name = "bone_11"
bind/11/bone = -1
bind/11/pose = Transform( 1, -2.24534e-06, -4.83298e-07, 2.84217e-14, -0.210425, 0.97761, -2.29676e-06, -0.97761, -0.210425, 0.0388456, -0.128261, 0.55159 )
bind/12/name = "bone_12"
bind/12/bone = -1
bind/12/pose = Transform( 4.5076e-07, -0.210428, 0.977609, -0.983124, -0.178846, -0.0384957, 0.182942, -0.961111, -0.206877, -0.174483, 0.302493, 0.868192 )
bind/13/name = "bone_13"
bind/13/bone = -1
bind/13/pose = Transform( -1.43424e-07, -0.210422, 0.977611, 0.998189, 0.0588101, 0.0126585, -0.060157, 0.97584, 0.210041, -0.174488, 0.167342, -0.925466 )
bind/14/name = "bone_14"
bind/14/bone = -1
bind/14/pose = Transform( -1.89059e-07, -0.210422, 0.977611, 0.998189, 0.0588102, 0.0126586, -0.0601571, 0.97584, 0.210041, -0.171682, 0.122215, -0.775715 )
bind/15/name = "bone_15"
bind/15/bone = -1
bind/15/pose = Transform( -5.04777e-07, -0.210429, 0.977609, -0.989406, 0.141921, 0.0305478, -0.145172, -0.967253, -0.2082, -0.171677, -0.01575, 0.755611 )

[sub_resource type="Skin" id=3]
resource_name = "Skin 3"
bind_count = 84
bind/0/name = "bone_1"
bind/0/bone = -1
bind/0/pose = Transform( 1, -8.66252e-07, -1.7802e-06, 1.7802e-06, -7.71052e-13, 1, -8.66252e-07, -1, 7.71052e-13, 1.22136e-06, 0.218947, 1.63491 )
bind/1/name = "knee_r"
bind/1/bone = -1
bind/1/pose = Transform( 0.975524, 0.219893, -7.75291e-05, 0.00290951, -0.0125551, 0.999917, 0.219874, -0.975443, -0.0128876, 0.115562, -0.219665, 0.380965 )
bind/2/name = "knee_l"
bind/2/bone = -1
bind/2/pose = Transform( 0.975529, 0.2198, 0.00559824, -0.00290937, -0.0125551, 0.999917, 0.219852, -0.975464, -0.0116084, -0.267811, -0.219665, 0.294561 )
bind/3/name = "bone"
bind/3/bone = -1
bind/3/pose = Transform( 1, -8.66252e-07, -8.90101e-07, 8.90101e-07, 0, 1, -8.66252e-07, -1, 7.71052e-13, 8.65313e-07, 0.130426, 1.44887 )
bind/4/name = "belly"
bind/4/bone = -1
bind/4/pose = Transform( 1, 0, 0, 7.87348e-14, 0.962795, -0.270234, 1.4018e-13, 0.270235, 0.962795, -3.89771e-07, -0.43417, -0.110117 )
bind/5/name = "chest"
bind/5/bone = -1
bind/5/pose = Transform( -1, 4.90249e-08, -3.86316e-07, 1.27898e-13, 0.992044, 0.125894, 3.89414e-07, 0.125894, -0.992044, 3.31e-07, -0.639959, -0.150921 )
bind/6/name = "shoulder_l"
bind/6/bone = -1
bind/6/pose = Transform( 0.280654, 0.732226, 0.620546, 0.959718, -0.205181, -0.191944, -0.0132219, 0.649419, -0.760316, -0.644952, 0.180067, -0.619769 )
bind/7/name = "bicep_l"
bind/7/bone = -1
bind/7/pose = Transform( 0.180087, -0.178191, 0.967376, 0.687648, -0.68041, -0.253344, 0.703356, 0.710838, -2.45869e-07, 0.193012, 0.443378, -0.752696 )
bind/8/name = "spindle_l"
bind/8/bone = -1
bind/8/pose = Transform( -0.982839, -0.148315, 0.109678, 0.184463, -0.790238, 0.584377, 9.68575e-08, 0.594581, 0.804036, 0.454636, 0.584797, -0.326169 )
bind/9/name = "bone_16"
bind/9/bone = -1
bind/9/pose = Transform( -1, -6.75273e-08, 1.35055e-07, 1.56319e-13, 0.894427, 0.447214, -1.50996e-07, 0.447213, -0.894427, 4.56255e-07, -0.799143, -0.440307 )
bind/10/name = "ear_l"
bind/10/bone = -1
bind/10/pose = Transform( -0.474473, 0.518205, 0.711575, 0.673688, 0.734067, -0.0853746, -0.566586, 0.438872, -0.697404, -0.467504, -0.864677, -0.380235 )
bind/11/name = "bone_17"
bind/11/bone = -1
bind/11/pose = Transform( -1, -8.35585e-08, 1.25768e-07, 1.56319e-13, 0.832927, 0.553383, -1.50996e-07, 0.553383, -0.832927, 4.74916e-07, -0.974461, -0.563889 )
bind/12/name = "bone_18"
bind/12/bone = -1
bind/12/pose = Transform( 1, 1.65559e-14, 1.85572e-14, -3.74261e-15, 0.746197, -0.665725, 1.10927e-13, 0.665725, 0.746197, -3.89771e-07, -0.792187, -0.799991 )
bind/13/name = "brow_1_l"
bind/13/bone = -1
bind/13/pose = Transform( 0.00376385, -0.0340644, 0.999413, -0.99167, -0.128804, -0.00065551, 0.128751, -0.991085, -0.0342656, -0.109642, 0.294928, 1.10585 )
bind/14/name = "brow_2_l"
bind/14/bone = -1
bind/14/pose = Transform( 2.33268e-07, 1.08679e-07, -1, -0.680847, -0.732426, -3.02008e-07, -0.732426, 0.680847, 1.43488e-08, 0.147598, 0.853278, -0.723205 )
bind/15/name = "bone_21_l"
bind/15/bone = -1
bind/15/pose = Transform( 0.975505, 0.219907, 0.00548549, -0.00150822, -0.0182499, 0.999832, 0.21997, -0.97535, -0.0174713, -0.352688, -0.0934901, 1.01572 )
bind/16/name = "bone_22_l"
bind/16/bone = -1
bind/16/pose = Transform( 0.975505, 0.219907, 0.00548568, -0.00150841, -0.0182499, 0.999832, 0.21997, -0.97535, -0.0174714, -0.346909, -0.0944711, 0.961395 )
bind/17/name = "bone_23"
bind/17/bone = -1
bind/17/pose = Transform( -1, -1.24871e-06, 1.53735e-08, 1.24499e-08, 0.00234145, 0.999997, -1.24875e-06, 0.999997, -0.00234139, 1.56942e-06, -0.135734, -0.946059 )
bind/18/name = "bone_24"
bind/18/bone = -1
bind/18/pose = Transform( -1, 1.95485e-06, -5.35631e-07, -1.06537e-07, 0.213202, 0.977008, 2.0241e-06, 0.977008, -0.213202, -1.29747e-06, -0.496454, -0.860712 )
bind/19/name = "bone_25_l"
bind/19/bone = -1
bind/19/pose = Transform( 0.975505, 0.219907, 0.00548548, -0.00150812, -0.0182502, 0.999832, 0.21997, -0.97535, -0.0174717, -0.27939, -0.0949207, 0.956855 )
bind/20/name = "bone_26"
bind/20/bone = -1
bind/20/pose = Transform( 0.975505, 0.219907, 0.00548549, -0.00150819, -0.0182499, 0.999832, 0.21997, -0.97535, -0.0174715, -0.220943, -0.0948674, 0.97827 )
bind/21/name = "upper_lip"
bind/21/bone = -1
bind/21/pose = Transform( 0.975408, 0.213851, 0.0533608, -0.0029097, -0.229586, 0.973284, 0.220389, -0.949504, -0.223317, -0.19896, 0.0943082, 0.881012 )
bind/22/name = "upper_lip_l"
bind/22/bone = -1
bind/22/pose = Transform( 0.975406, 0.2137, 0.0539972, -0.00357996, -0.229586, 0.973282, 0.220388, -0.949538, -0.223174, -0.275525, 0.121722, 0.867582 )
bind/23/name = "chin_l"
bind/23/bone = -1
bind/23/pose = Transform( 0.975507, 0.219876, 0.00636925, -0.00369796, -0.0125584, 0.999914, 0.219938, -0.975447, -0.0114379, -0.341655, -0.0374762, 0.885096 )
bind/24/name = "lower_lip_2_l"
bind/24/bone = -1
bind/24/pose = Transform( 0.798684, 0.319643, -0.509836, 0.527802, 0.03481, 0.848653, 0.289014, -0.946898, -0.140906, -0.259083, -0.130354, 0.73881 )
bind/25/name = "lower_tooth_l"
bind/25/bone = -1
bind/25/pose = Transform( 0.975548, 0.219719, 0.00543123, -0.00273825, -0.0125591, 0.999918, 0.219769, -0.975483, -0.0116505, -0.239576, -0.0683593, 0.791205 )
bind/26/name = "upper_tooth_l"
bind/26/bone = -1
bind/26/pose = Transform( 0.975541, 0.219746, 0.00559892, -0.0029099, -0.0125584, 0.999917, 0.219798, -0.975476, -0.0116121, -0.248178, -0.070203, 0.816184 )
bind/27/name = "upper_tooth"
bind/27/bone = -1
bind/27/pose = Transform( 0.975595, 0.219509, 0.00559595, -0.00290968, -0.0125588, 0.999917, 0.219561, -0.97553, -0.0116137, -0.186998, -0.093026, 0.830435 )
bind/28/name = "lower_tooth"
bind/28/bone = -1
bind/28/pose = Transform( 0.975541, 0.219746, 0.00559884, -0.00290965, -0.0125592, 0.999917, 0.219798, -0.975476, -0.0116126, -0.182509, -0.0878139, 0.809638 )
bind/29/name = "jaw"
bind/29/bone = -1
bind/29/pose = Transform( 0.976039, 0.21679, -0.0186978, -0.00111079, 0.0908925, 0.99586, 0.217592, -0.971978, 0.0889554, -0.164119, -0.112017, 0.736374 )
bind/30/name = "bone_36_l"
bind/30/bone = -1
bind/30/pose = Transform( 0.975505, 0.219907, 0.00548556, -0.00150821, -0.0182502, 0.999832, 0.21997, -0.97535, -0.0174716, -0.286342, -0.109549, 0.995555 )
bind/31/name = "ear_r"
bind/31/bone = -1
bind/31/pose = Transform( -0.474473, -0.341065, 0.811511, -0.673689, 0.734067, -0.0853745, -0.566586, -0.587214, -0.578067, 0.292241, -0.864676, 0.527005 )
bind/32/name = "brow_1_r"
bind/32/bone = -1
bind/32/pose = Transform( 0.00376377, 0.0238895, 0.999708, 0.99167, -0.128804, -0.000655672, 0.128751, 0.991382, -0.0241751, -0.174055, 0.294927, -1.09756 )
bind/33/name = "brow_2_r"
bind/33/bone = -1
bind/33/pose = Transform( 1.27817e-07, 4.50693e-07, -1, 0.680847, -0.732426, -4.58998e-07, -0.732426, -0.680847, -4.47337e-07, 0.147597, 0.853277, 0.723205 )
bind/34/name = "bone_21_r"
bind/34/bone = -1
bind/34/pose = Transform( 0.975505, 0.219964, 0.00254361, 0.00150814, -0.01825, 0.999833, 0.219974, -0.975337, -0.0181348, -0.117361, -0.09349, 1.06879 )
bind/35/name = "bone_22_r"
bind/35/bone = -1
bind/35/pose = Transform( 0.975505, 0.219964, 0.00254375, 0.00150795, -0.0182499, 0.999832, 0.219974, -0.975337, -0.0181347, -0.0992649, -0.0944712, 1.01724 )
bind/36/name = "bone_25_r"
bind/36/bone = -1
bind/36/pose = Transform( 0.975505, 0.219964, 0.00254352, 0.00150822, -0.01825, 0.999833, 0.219974, -0.975337, -0.0181349, -0.158301, -0.0949209, 0.98416 )
bind/37/name = "upper_lip_r"
bind/37/bone = -1
bind/37/pose = Transform( 0.975406, 0.215303, 0.0472001, 0.00357962, -0.229586, 0.973282, 0.220387, -0.949176, -0.22471, -0.124249, 0.121722, 0.901762 )
bind/38/name = "chin_r"
bind/38/bone = -1
bind/38/pose = Transform( 0.975498, 0.220007, -0.00084326, 0.00369693, -0.0125592, 0.999914, 0.219978, -0.975417, -0.0130649, -0.0712396, -0.0374756, 0.946069 )
bind/39/name = "lower_lip_2_r"
bind/39/bone = -1
bind/39/pose = Transform( -0.775063, -0.428438, -0.464455, -0.527801, 0.0348165, 0.848654, -0.347425, 0.9029, -0.253115, 0.327324, -0.130359, -0.711212 )
bind/40/name = "lower_tooth_r"
bind/40/bone = -1
bind/40/pose = Transform( 0.975548, 0.219787, 8.91425e-05, 0.00273819, -0.0125591, 0.999918, 0.21977, -0.975467, -0.012854, -0.122832, -0.0683592, 0.817505 )
bind/41/name = "upper_tooth_r"
bind/41/bone = -1
bind/41/pose = Transform( 0.975539, 0.219826, -7.76364e-05, 0.00290948, -0.0125583, 0.999917, 0.219807, -0.975458, -0.012891, -0.125829, -0.070203, 0.843751 )
bind/42/name = "bone_36_r"
bind/42/bone = -1
bind/42/pose = Transform( 0.975505, 0.219964, 0.00254367, 0.00150813, -0.0182501, 0.999832, 0.219974, -0.975337, -0.0181351, -0.16863, -0.109549, 1.0221 )
bind/43/name = "lower_lip_1_l"
bind/43/bone = -1
bind/43/pose = Transform( 0.893761, 0.328005, -0.305949, 0.310794, 0.0389562, 0.949679, 0.323418, -0.943873, -0.0671246, -0.328497, -0.128372, 0.742669 )
bind/44/name = "lower_lip_1_r"
bind/44/bone = -1
bind/44/pose = Transform( -0.867327, -0.420321, -0.266597, -0.310791, 0.0389611, 0.949679, -0.388784, 0.906539, -0.164424, 0.280105, -0.128376, -0.762239 )
bind/45/name = "shoulder_r"
bind/45/bone = -1
bind/45/pose = Transform( 0.280654, -0.667929, -0.689278, -0.959718, -0.205181, -0.191944, -0.0132219, 0.715382, -0.698608, 0.583828, 0.180068, -0.677658 )
bind/46/name = "bicep_r"
bind/46/bone = -1
bind/46/pose = Transform( 0.180087, -0.497876, 0.848345, -0.687648, -0.68041, -0.253344, 0.703356, -0.537739, -0.464896, 0.530989, 0.443378, 0.567323 )
bind/47/name = "spindle_r"
bind/47/bone = -1
bind/47/pose = Transform( -0.98284, 0.148315, -0.109677, -0.184463, -0.790238, 0.584377, 7.7486e-07, 0.594581, 0.804036, -0.454636, 0.584797, -0.326168 )
bind/48/name = "elbow_l"
bind/48/bone = -1
bind/48/pose = Transform( -0.975548, 0.219713, 0.00559722, -0.0029094, 0.0125548, -0.999917, -0.219765, -0.975484, -0.0116088, 0.076156, -0.246824, 0.75509 )
bind/49/name = "elbow_r"
bind/49/bone = -1
bind/49/pose = Transform( -0.975548, 0.219785, -7.93759e-05, 0.0029098, 0.0125543, -0.999917, -0.219765, -0.975468, -0.0128872, -0.50707, -0.254255, 0.679299 )
bind/50/name = "tigh_l"
bind/50/bone = -1
bind/50/pose = Transform( 0.278829, 0.409245, 0.868777, 0.511867, -0.828771, 0.226119, 0.812555, 0.38165, -0.440564, -0.181035, 0.342651, -0.224223 )
bind/51/name = "shin_l"
bind/51/bone = -1
bind/51/pose = Transform( 0.970231, 0.238843, 0.0400772, 0.241512, -0.941896, -0.233461, -0.018012, 0.23619, -0.97154, -0.20085, 0.288719, -0.066897 )
bind/52/name = "tigh_r"
bind/52/bone = -1
bind/52/pose = Transform( 0.278829, 0.0886854, 0.956237, -0.511868, -0.828772, 0.226119, 0.812555, -0.552515, -0.18569, -0.00521924, 0.342652, 0.288135 )
bind/53/name = "shin_r"
bind/53/bone = -1
bind/53/pose = Transform( 0.970231, -0.229912, -0.0761099, -0.241512, -0.941896, -0.233461, -0.0180119, 0.244892, -0.969383, 0.198228, 0.288719, -0.0743057 )
bind/54/name = "wrist_l"
bind/54/bone = -1
bind/54/pose = Transform( 1, -3.32443e-07, -1.59592e-07, -2.81324e-07, -0.407939, -0.913009, 2.38412e-07, 0.913007, -0.407939, -0.375315, 0.218656, -0.52415 )
bind/55/name = "hand_l"
bind/55/bone = -1
bind/55/pose = Transform( -0.999602, -0.0252417, 0.0126215, 0.0282214, -0.894069, 0.447036, 5.77419e-07, 0.447214, 0.894427, 0.389675, 0.503361, -0.241218 )
bind/56/name = "bone_7_l"
bind/56/bone = -1
bind/56/pose = Transform( -0.781362, -0.130759, -0.610226, -0.624066, 0.169753, 0.762709, 0.00385643, 0.976772, -0.21424, 0.364569, 0.143138, -0.527848 )
bind/57/name = "thumb_l"
bind/57/bone = -1
bind/57/pose = Transform( -0.901526, -0.100594, -0.420871, -0.432179, 0.160434, 0.887402, -0.0217459, 0.981906, -0.188109, 0.372707, -0.0141463, -0.524391 )
bind/58/name = "bone_9_l"
bind/58/bone = -1
bind/58/pose = Transform( -0.993723, 0.0991371, -0.0518243, -0.111866, -0.88065, 0.460369, 5.2899e-07, 0.463276, 0.886214, 0.320442, 0.516626, -0.249873 )
bind/59/name = "bone_10_l"
bind/59/bone = -1
bind/59/pose = Transform( -0.714318, 0.674178, -0.187703, -0.69977, -0.684843, 0.20325, 0.00847963, 0.276535, 0.960967, -0.0197248, 0.535693, -0.177114 )
bind/60/name = "bone_11_l"
bind/60/bone = -1
bind/60/pose = Transform( -0.999534, 0.0296885, -0.00709939, -0.0305256, -0.972124, 0.232465, 4.7963e-08, 0.232573, 0.972579, 0.360049, 0.535373, -0.125552 )
bind/61/name = "bone_12_l"
bind/61/bone = -1
bind/61/pose = Transform( -0.87725, 0.480017, -0.00400004, -0.480035, -0.877218, 0.00730966, -1.26427e-07, 0.00833313, 0.999965, 0.128201, 0.541255, -0.033646 )
bind/62/name = "bone_13_l"
bind/62/bone = -1
bind/62/pose = Transform( -0.961407, 0.180226, -0.207884, -0.275131, -0.630174, 0.726073, -0.000146016, 0.755246, 0.655441, 0.264613, 0.442998, -0.40713 )
bind/63/name = "bone_14_l"
bind/63/bone = -1
bind/63/pose = Transform( -0.1353, -0.0805074, -0.987529, -0.821701, -0.547799, 0.157239, -0.553626, 0.832726, 0.00796448, 0.177965, 0.513405, -0.191872 )
bind/64/name = "wrist_r"
bind/64/bone = -1
bind/64/pose = Transform( 1, -3.32443e-07, -1.59592e-07, -2.81324e-07, -0.407939, -0.913009, 2.38412e-07, 0.913007, -0.407939, 0.375314, 0.218656, -0.52415 )
bind/65/name = "hand_r"
bind/65/bone = -1
bind/65/pose = Transform( -0.999602, 0.0252421, -0.0126208, -0.0282214, -0.894069, 0.447035, 2.50525e-07, 0.447214, 0.894427, -0.389675, 0.50336, -0.241218 )
bind/66/name = "bone_7_r"
bind/66/bone = -1
bind/66/pose = Transform( -0.781362, 0.140393, 0.608082, 0.624066, 0.169753, 0.762709, 0.00385516, 0.975433, -0.220252, -0.36976, 0.143138, -0.524224 )
bind/67/name = "thumb_r"
bind/67/bone = -1
bind/67/pose = Transform( -0.901526, 0.0531348, 0.429451, 0.432179, 0.160434, 0.887402, -0.0217465, 0.985613, -0.167598, -0.346989, -0.0141467, -0.541751 )
bind/68/name = "bone_9_r"
bind/68/bone = -1
bind/68/pose = Transform( -0.993723, -0.0991367, 0.051825, 0.111866, -0.880649, 0.460368, 2.86847e-07, 0.463276, 0.886214, -0.320441, 0.516626, -0.249873 )
bind/69/name = "bone_10_r"
bind/69/bone = -1
bind/69/pose = Transform( -0.714318, -0.667423, 0.210461, 0.69977, -0.684843, 0.20325, 0.00847922, 0.29246, 0.95624, 0.0155155, 0.535692, -0.177532 )
bind/70/name = "bone_11_r"
bind/70/bone = -1
bind/70/pose = Transform( -0.999534, -0.0296885, 0.00709945, 0.0305256, -0.972124, 0.232464, 4.56347e-08, 0.232573, 0.972579, -0.360048, 0.535372, -0.125551 )
bind/71/name = "bone_12_r"
bind/71/bone = -1
bind/71/pose = Transform( -0.87725, -0.480017, 0.00400013, 0.480035, -0.877217, 0.00730928, 4.19793e-07, 0.00833327, 0.999965, -0.1282, 0.541254, -0.033646 )
bind/72/name = "bone_13_r"
bind/72/bone = -1
bind/72/pose = Transform( -0.961407, -0.180456, 0.207684, 0.275132, -0.630174, 0.726072, -0.000146836, 0.755191, 0.655504, -0.264488, 0.442998, -0.407211 )
bind/73/name = "bone_14_r"
bind/73/bone = -1
bind/73/pose = Transform( -0.135299, -0.455509, -0.879889, 0.821701, -0.547798, 0.157238, -0.553626, -0.70173, 0.448409, 0.246402, 0.513404, 0.088162 )
bind/74/name = "ankle_r"
bind/74/bone = -1
bind/74/pose = Transform( 1, 0, 0, 0, 0, -1, 0, 1, 0, 0.150111, -0.014841, -0.233634 )
bind/75/name = "foot_ctrl_r"
bind/75/bone = -1
bind/75/pose = Transform( 0.877371, 0, 0.479812, 0.479812, 0, -0.877371, 0, 1, 0, 0.138824, 0.0590042, -0.0608817 )
bind/76/name = "foot_r"
bind/76/bone = -1
bind/76/pose = Transform( -0.869681, 0.0917095, -0.48502, -0.491892, -0.0790071, 0.867064, 0.0411981, 0.992646, 0.113822, -0.143331, -0.0561604, -0.0525605 )
bind/77/name = "toes_r"
bind/77/bone = -1
bind/77/pose = Transform( -0.852679, 0.232255, -0.46797, -0.512828, -0.201109, 0.834603, 0.0997275, 0.951637, 0.290588, -0.148347, -0.208039, -0.0587029 )
bind/78/name = "heel_r"
bind/78/bone = -1
bind/78/pose = Transform( 1, 0, 0, 0, -1, 0, 0, 0, -1, 0.150111, 0.233634, -0.014841 )
bind/79/name = "ankle_l"
bind/79/bone = -1
bind/79/pose = Transform( 1, 0, 0, 0, 0, -1, 0, 1, 0, -0.150111, -0.014841, -0.233634 )
bind/80/name = "foot_ctrl_l"
bind/80/bone = -1
bind/80/pose = Transform( 0.877371, 0, -0.479812, -0.479812, 0, -0.877371, 0, 1, 0, -0.138824, 0.0590042, -0.0608817 )
bind/81/name = "foot_l"
bind/81/bone = -1
bind/81/pose = Transform( -0.869681, 0.00253708, 0.493608, 0.491892, -0.0790071, 0.867064, 0.0411982, 0.99687, 0.067463, 0.13772, -0.0561604, -0.0658743 )
bind/82/name = "toes_l"
bind/82/bone = -1
bind/82/pose = Transform( -0.852679, -0.00638785, 0.522396, 0.512828, -0.201109, 0.834603, 0.0997272, 0.979548, 0.174757, 0.130797, -0.20804, -0.0913509 )
bind/83/name = "heel_l"
bind/83/bone = -1
bind/83/pose = Transform( 1, 0, 0, 0, -1, 0, 0, 0, -1, -0.150111, 0.233634, -0.014841 )

[sub_resource type="Animation" id=5]
resource_name = "Intro"
length = 50.0
tracks/0/type = "value"
tracks/0/path = NodePath("crash:translation")
tracks/0/interp = 2
tracks/0/loop_wrap = true
tracks/0/imported = false
tracks/0/enabled = true
tracks/0/keys = {
"times": PoolRealArray( 1, 3, 7.3, 7.6, 7.7, 7.9, 8.1 ),
"transitions": PoolRealArray( 1, 1, 1, 1, 1, 1, 1 ),
"update": 0,
"values": [ Vector3( 18.8685, -5.97859, 1.4098 ), Vector3( 4.8289, -5.97859, 1.4098 ), Vector3( 4.8289, -5.97859, 1.4098 ), Vector3( 4.8289, -2.91895, 1.4098 ), Vector3( 4.8289, -1.15076, 1.4098 ), Vector3( 4.8289, -1.15076, 1.4098 ), Vector3( 4.8289, -8.01897, 1.4098 ) ]
}
tracks/1/type = "animation"
tracks/1/path = NodePath("crash/AnimationPlayer")
tracks/1/interp = 1
tracks/1/loop_wrap = true
tracks/1/imported = false
tracks/1/enabled = true
tracks/1/keys = {
"clips": PoolStringArray( "Walk", "Idle2", "Jump", "BellyFlop1", "BellyFlop2", "BellyFlop1", "BellyFlop1" ),
"times": PoolRealArray( 1, 3, 7.3, 7.6, 8.1, 17.3, 18.5 )
}
tracks/2/type = "value"
tracks/2/path = NodePath("Godot/right_eye:translation")
tracks/2/interp = 1
tracks/2/loop_wrap = true
tracks/2/imported = false
tracks/2/enabled = true
tracks/2/keys = {
"times": PoolRealArray( 1.2, 1.4, 3, 3.8 ),
"transitions": PoolRealArray( 1, 1, 1, 1 ),
"update": 0,
"values": [ Vector3( -2.13094, -0.153148, 0.393261 ), Vector3( -1.82698, -0.244336, 0.393261 ), Vector3( -2.03976, -0.244336, 0.393261 ), Vector3( -2.13094, -0.153148, 0.393261 ) ]
}
tracks/3/type = "value"
tracks/3/path = NodePath("Godot/left_eye:translation")
tracks/3/interp = 2
tracks/3/loop_wrap = true
tracks/3/imported = false
tracks/3/enabled = true
tracks/3/keys = {
"times": PoolRealArray( 1.2, 1.4, 3, 3.8 ),
"transitions": PoolRealArray( 1, 1, 1, 1 ),
"update": 0,
"values": [ Vector3( 2.13346, -0.122752, 0.393261 ), Vector3( 2.43742, -0.21394, 0.393261 ), Vector3( 2.25504, -0.21394, 0.393261 ), Vector3( 2.13346, -0.122752, 0.393261 ) ]
}
tracks/4/type = "value"
tracks/4/path = NodePath("Godot/anchor:rotation_degrees")
tracks/4/interp = 2
tracks/4/loop_wrap = true
tracks/4/imported = false
tracks/4/enabled = true
tracks/4/keys = {
"times": PoolRealArray( 1.2, 8.6, 8.6019, 9, 9.3, 9.6, 10.1 ),
"transitions": PoolRealArray( 1, 1, 1, 1, 1, 1, 1 ),
"update": 0,
"values": [ Vector3( 0, 0, 0 ), Vector3( 0, 0, 0 ), Vector3( 0, 0, 0 ), Vector3( 0, 0, -137.098 ), Vector3( 0, 0, -52.437 ), Vector3( 3.23182, -8.2887, -102.518 ), Vector3( -2.77387, -8.45197, -141.713 ) ]
}
tracks/5/type = "value"
tracks/5/path = NodePath("Godot/anchor:translation")
tracks/5/interp = 1
tracks/5/loop_wrap = true
tracks/5/imported = false
tracks/5/enabled = true
tracks/5/keys = {
"times": PoolRealArray( 1.2, 9.6, 9.9 ),
"transitions": PoolRealArray( 1, 1, 1 ),
"update": 0,
"values": [ Vector3( -3.90889, -1.80841, 0 ), Vector3( -3.90889, -1.80841, 0 ), Vector3( -10.0745, -12.9256, 9.53674e-07 ) ]
}

[node name="Intro" type="Spatial"]

[node name="WorldEnvironment" type="WorldEnvironment" parent="."]
environment = SubResource( 1 )

[node name="crash" type="Spatial" parent="."]
transform = Transform( 0, 0, -4, 0, 4, 0, 4, 0, 0, 18.8685, -5.97859, 1.4098 )

[node name="GarentedSpin" type="MeshInstance" parent="crash"]
transform = Transform( 1, 0, 0, 0, 1, 0, 0, 0, 1, 0, 1.2, 0 )
visible = false
use_in_baked_light = true
mesh = ExtResource( 7 )
material/0 = null

[node name="CrashSpin" type="MeshInstance" parent="crash"]
transform = Transform( 1.31251, 0, 0, 0, 0.72962, 0, 0, 0, 1.31251, 0, 0, 0 )
visible = false
use_in_baked_light = true
mesh = ExtResource( 14 )
material/0 = null
material/1 = null
material/2 = null
material/3 = null
material/4 = null
material/5 = null
material/6 = null
material/7 = null

[node name="YoyoArmature" type="Spatial" parent="crash"]
visible = false

[node name="Skeleton" type="Skeleton" parent="crash/YoyoArmature"]
bones/0/name = "bone"
bones/0/parent = -1
bones/0/rest = Transform( 0, 0, 0, 0, 0, 0, 0, 0, 0, -0.0610057, 0.469945, -0.0267673 )
bones/0/enabled = true
bones/0/bound_children = [  ]
bones/1/name = "bone_1"
bones/1/parent = -1
bones/1/rest = Transform( 0, 0, 0, 0, 0, 0, 0, 0, 0, -0.0610057, 0.469945, -0.0267673 )
bones/1/enabled = true
bones/1/bound_children = [  ]
bones/2/name = "bone_2"
bones/2/parent = -1
bones/2/rest = Transform( 0, 0, 0, 0, 0, 0, 0, 0, 0, -0.0610057, 0.469945, -0.0267673 )
bones/2/enabled = true
bones/2/bound_children = [  ]
bones/3/name = "bone_3"
bones/3/parent = -1
bones/3/rest = Transform( 0, 0, 0, 0, 0, 0, 0, 0, 0, -0.0610057, 0.469945, -0.0267673 )
bones/3/enabled = true
bones/3/bound_children = [  ]
bones/4/name = "bone_4"
bones/4/parent = -1
bones/4/rest = Transform( 0, 0, 0, 0, 0, 0, 0, 0, 0, -0.0610057, 0.469945, -0.0267673 )
bones/4/enabled = true
bones/4/bound_children = [  ]
bones/5/name = "bone_5"
bones/5/parent = -1
bones/5/rest = Transform( 0, 0, 0, 0, 0, 0, 0, 0, 0, -0.0610057, 0.469945, -0.0267673 )
bones/5/enabled = true
bones/5/bound_children = [  ]
bones/6/name = "bone_6"
bones/6/parent = -1
bones/6/rest = Transform( 0, 0, 0, 0, 0, 0, 0, 0, 0, -0.0610057, 0.469945, -0.0267673 )
bones/6/enabled = true
bones/6/bound_children = [  ]
bones/7/name = "bone_7"
bones/7/parent = -1
bones/7/rest = Transform( 0, 0, 0, 0, 0, 0, 0, 0, 0, -0.0610057, 0.469945, -0.0267673 )
bones/7/enabled = true
bones/7/bound_children = [  ]
bones/8/name = "bone_8"
bones/8/parent = -1
bones/8/rest = Transform( 0, 0, 0, 0, 0, 0, 0, 0, 0, -0.0610057, 0.469945, -0.0267673 )
bones/8/enabled = true
bones/8/bound_children = [  ]
bones/9/name = "bone_9"
bones/9/parent = -1
bones/9/rest = Transform( 0, 0, 0, 0, 0, 0, 0, 0, 0, -0.0610057, 0.469945, -0.0267673 )
bones/9/enabled = true
bones/9/bound_children = [  ]
bones/10/name = "bone_10"
bones/10/parent = -1
bones/10/rest = Transform( 0, 0, 0, 0, 0, 0, 0, 0, 0, -0.0610057, 0.469945, -0.0267673 )
bones/10/enabled = true
bones/10/bound_children = [  ]
bones/11/name = "bone_11"
bones/11/parent = -1
bones/11/rest = Transform( 0, 0, 0, 0, 0, 0, 0, 0, 0, -0.0610057, 0.469988, -0.0267673 )
bones/11/enabled = true
bones/11/bound_children = [  ]

[node name="Cylinder" type="MeshInstance" parent="crash/YoyoArmature/Skeleton"]
use_in_baked_light = true
mesh = ExtResource( 15 )
skin = SubResource( 4 )
material/0 = null

[node name="AkuArmature001" type="Spatial" parent="crash"]
transform = Transform( 1, 0, 0, 0, 0.97761, -0.210425, 0, 0.210425, 0.97761, -0.0375456, 0.656217, 0.199379 )
visible = false

[node name="DrawCall_43001" type="MeshInstance" parent="crash/AkuArmature001"]
transform = Transform( 1, 0, 0, 0, -1.19209e-07, -1, 0, 1, -1.19209e-07, 0.0375307, -0.291189, 0.0828167 )
use_in_baked_light = true
mesh = ExtResource( 16 )
material/0 = null

[node name="Skeleton 2" type="Skeleton" parent="crash/AkuArmature001"]
bones/0/name = "bone"
bones/0/parent = -1
bones/0/rest = Transform( 1, 0, -1.70913e-06, -1.34309e-06, 0, -1.27253, 0, 1, 0, -1.32084e-16, -0.0762909, 0.0922482 )
bones/0/enabled = true
bones/0/bound_children = [  ]
bones/1/name = "bone_1"
bones/1/parent = -1
bones/1/rest = Transform( -4.76837e-07, -0.993288, -0.230875, -2.08616e-06, 0.184473, -1.24314, 1, -6.02169e-08, -2.7131e-06, 0.123742, -0.0733162, 0.113915 )
bones/1/enabled = true
bones/1/bound_children = [  ]
bones/2/name = "bone_2"
bones/2/parent = -1
bones/2/rest = Transform( -2.38419e-07, 0.987844, -0.303057, 1.75834e-06, 0.245127, 1.2213, 1, -9.09987e-08, -2.25009e-06, -0.112644, -0.0803682, 0.113915 )
bones/2/enabled = true
bones/2/bound_children = [  ]
bones/3/name = "bone_3"
bones/3/parent = -1
bones/3/rest = Transform( 1, -1.73265e-13, -2.02238e-06, -1.5629e-06, 0.232125, -1.22645, 3.66764e-07, 0.989164, 0.28781, -1.56653e-16, -0.12805, 0.100819 )
bones/3/enabled = true
bones/3/bound_children = [  ]
bones/4/name = "bone_4"
bones/4/parent = -1
bones/4/rest = Transform( 1, -1.73265e-13, -2.02238e-06, -1.5629e-06, 0.232125, -1.22645, 3.66764e-07, 0.989164, 0.28781, 0.123425, -0.117341, 0.100819 )
bones/4/enabled = true
bones/4/bound_children = [  ]
bones/5/name = "bone_5"
bones/5/parent = -1
bones/5/rest = Transform( 1, -1.73265e-13, -2.02238e-06, -1.5629e-06, 0.232125, -1.22645, 3.66764e-07, 0.989164, 0.28781, -0.123425, -0.12686, 0.100819 )
bones/5/enabled = true
bones/5/bound_children = [  ]
bones/6/name = "bone_6"
bones/6/parent = -1
bones/6/rest = Transform( 1, 0, -2.05834e-06, -2.05834e-06, 0, -1, 0, 1, 0, -0.00129866, -0.102097, 0.0714313 )
bones/6/enabled = true
bones/6/bound_children = [  ]
bones/7/name = "bone_7"
bones/7/parent = -1
bones/7/rest = Transform( 0.981745, -3.72529e-08, 0.190203, 0.190203, 0, -0.981745, 3.72529e-08, 1, 0, 0.112334, -0.0996294, 0.0665613 )
bones/7/enabled = true
bones/7/bound_children = [  ]
bones/8/name = "bone_8"
bones/8/parent = -1
bones/8/rest = Transform( 0.992533, 1.49012e-08, -0.121973, -0.121973, 0, -0.992533, -1.49012e-08, 1, 0, -0.109088, -0.102876, 0.0665613 )
bones/8/enabled = true
bones/8/bound_children = [  ]
bones/9/name = "bone_9"
bones/9/parent = -1
bones/9/rest = Transform( 0.999249, 3.72529e-09, -0.0387614, -0.0387614, -1.19209e-07, -0.999249, -3.72529e-09, 1, -1.19209e-07, 0.112334, -0.0996294, 0.0665613 )
bones/9/enabled = true
bones/9/bound_children = [  ]
bones/10/name = "bone_10"
bones/10/parent = -1
bones/10/rest = Transform( 0.99295, -1.49012e-08, 0.118532, 0.118532, -1.19209e-07, -0.99295, 1.49012e-08, 1, -1.19209e-07, -0.109088, -0.102876, 0.0665613 )
bones/10/enabled = true
bones/10/bound_children = [  ]
bones/11/name = "bone_11"
bones/11/parent = -1
bones/11/rest = Transform( 1, 0, -2.29676e-06, -2.29676e-06, 0, -1, 0, 1, 0, -0.00129866, -0.101188, 0.0714313 )
bones/11/enabled = true
bones/11/bound_children = [  ]
bones/12/name = "bone_12"
bones/12/parent = -1
bones/12/rest = Transform( 5.36442e-07, -0.983123, 0.182943, -2.5332e-06, -0.182942, -0.983124, 1, 2.98023e-08, -2.6226e-06, 0.176104, 0.2254, 0.117655 )
bones/12/enabled = true
bones/12/bound_children = [  ]
bones/13/name = "bone_13"
bones/13/parent = -1
bones/13/rest = Transform( -1.19209e-07, 0.998189, -0.060157, 3.27826e-06, 0.060157, 0.998189, 1, -5.96046e-08, -3.21865e-06, -0.185167, 0.230246, 0.117655 )
bones/13/enabled = true
bones/13/bound_children = [  ]
bones/14/name = "bone_14"
bones/14/parent = -1
bones/14/rest = Transform( -2.38419e-07, 0.998189, -0.0601571, 3.15905e-06, 0.0601569, 0.998189, 1, -5.96046e-08, -3.33786e-06, -0.131113, 0.0834796, 0.11485 )
bones/14/enabled = true
bones/14/bound_children = [  ]
bones/15/name = "bone_15"
bones/15/parent = -1
bones/15/rest = Transform( -5.96046e-07, -0.989407, -0.145172, -3.48687e-06, 0.145172, -0.989406, 1, -5.96047e-08, -3.57628e-06, 0.131656, 0.0664141, 0.11485 )
bones/15/enabled = true
bones/15/bound_children = [  ]

[node name="DrawCall_42001" type="MeshInstance" parent="crash/AkuArmature001/Skeleton 2"]
use_in_baked_light = true
mesh = ExtResource( 17 )
skin = SubResource( 2 )
material/0 = null
material/1 = null

[node name="Bazooka" type="MeshInstance" parent="crash"]
transform = Transform( 0.0103608, 0.00332317, -0.00775806, 0.00119947, -0.0127389, -0.00385484, -0.00835418, 0.00229238, -0.010175, 0.0764031, -0.100458, -0.15902 )
visible = false
use_in_baked_light = true
mesh = ExtResource( 18 )
blend_shapes/LazerOn = 0.0
material/0 = null
material/1 = null
material/2 = null
material/3 = null

[node name="CrashRightEye" type="MeshInstance" parent="crash"]
transform = Transform( 0.0357135, 0, 0, 0, 0, -0.0357135, 0, 0.0357135, 0, 0, 0, 0 )
visible = false
use_in_baked_light = true
mesh = ExtResource( 19 )
material/0 = null

[node name="CrashLeftEye" type="MeshInstance" parent="crash"]
transform = Transform( 0.0357135, 0, 0, 0, 0.0357135, 0, 0, 0, 0.0357135, 0, 0, 0 )
visible = false
use_in_baked_light = true
mesh = ExtResource( 20 )
material/0 = null

[node name="CrashRightShoe" type="MeshInstance" parent="crash"]
transform = Transform( -1, 0, 0, 0, 1, 0, 0, 0, 1, 0, 0, 0 )
visible = false
use_in_baked_light = true
mesh = ExtResource( 21 )
material/0 = null
material/1 = null
material/2 = null

[node name="CrashLeftShoe" type="MeshInstance" parent="crash"]
visible = false
use_in_baked_light = true
mesh = ExtResource( 23 )
material/0 = null
material/1 = null
material/2 = null

